0.0000000000
0.0862600000
0.0867400000
0.0870200000
0.0867300000
0.0869000000
0.0869300000
0.0868600000
0.0873000000
0.0869800000
0.0870300000
0.0870500000
0.0870700000
0.0871400000
0.0870900000
0.0870200000
0.0870800000
0.0870800000
0.0872000000
0.0872800000
0.0869100000
0.0870500000
0.0871500000
0.0870500000
0.0872500000
0.0871800000
0.0871300000
0.0872700000
0.0870900000
0.0870100000
0.0870400000
0.0870400000
0.0869600000
0.0871300000
0.0871000000
0.0872000000
0.0870600000
0.0871900000
0.0868400000
0.0870800000
0.0871500000
0.0871300000
0.0869500000
0.0870200000
0.0871500000
0.0872100000
0.0872500000
0.0869900000
0.0872200000
0.0869700000
0.0870500000
0.0871800000
0.0870600000
0.0871300000
0.0872200000
0.0870500000
0.0869400000
0.0872700000
0.0871500000
0.0870700000
0.0870400000
0.0870500000
0.0872800000
0.0869500000
0.0871400000
0.0870400000
0.0870800000
0.0872000000
0.0870600000
0.0871500000
0.0870900000
0.0868800000
0.0869600000
0.0874500000
0.0870100000
0.0869900000
0.0870800000
0.0870200000
0.0871100000
0.0871800000
0.0871000000
0.0858900000
0.0871400000
0.0870900000
0.0872500000
0.0869300000
0.0869800000
0.0872600000
0.0870100000
0.0873000000
0.0870300000
0.0869700000
0.0872300000
0.0872000000
0.0871100000
0.0871700000
0.0872000000
0.0870800000
0.0870700000
0.0872900000
0.0872300000
0.0866700000
0.0872300000
0.0871300000
0.0867300000
0.0871200000
0.0870300000
0.0871100000
0.0870900000
0.0873000000
0.0872100000
0.0871400000
0.0870800000
0.0873100000
0.0873100000
0.0871900000
0.0872500000
0.0870100000
0.0871900000
0.0870700000
0.0871900000
0.0871900000
0.0865700000
0.0871500000
0.0871200000
0.0871500000
0.0861400000
0.0872200000
0.0870000000
0.0871000000
0.0871500000
0.0871300000
0.0871400000
0.0871700000
0.0871100000
0.0871200000
0.0872400000
0.0870800000
0.0870200000
0.0868400000
0.0869800000
0.0872600000
0.0661000000
0.0541300000
0.0469700000
0.0469600000
0.0469400000
0.0470000000
0.0468800000
0.0470500000
0.0469200000
0.0461000000
0.0460100000
0.0459600000
0.0461500000
0.0459100000
0.0459800000
0.0460800000
0.0459900000
0.0461100000
0.0461500000
0.0458900000
0.0461500000
0.0459600000
0.0460000000
0.0462700000
0.0459100000
0.0459700000
0.0459500000
0.0460500000
0.0460400000
0.0460700000
0.0459700000
0.0461300000
0.0459400000
0.0460200000
0.0462100000
0.0459400000
0.0460200000
0.0459300000
0.0461000000
0.0461200000
0.0460200000
0.0459800000
0.0460300000
0.0461100000
0.0460400000
0.0461000000
0.0459800000
0.0460200000
0.0460600000
0.0461600000
0.0462500000
0.0459700000
0.0460800000
0.0459300000
0.0461300000
0.0462400000
0.0461500000
0.0459400000
0.0460000000
0.0459400000
0.0460700000
0.0462400000
0.0459100000
0.0459800000
0.0459900000
0.0461300000
0.0461200000
0.0461200000
0.0457800000
0.0461100000
0.0461200000
0.0460100000
0.0462000000
0.0459700000
0.0459400000
0.0459700000
0.0458900000
0.0462000000
0.0460200000
0.0460200000
0.0460100000
0.0460900000
0.0461600000
0.0461100000
0.0459200000
0.0459700000
0.0460600000
0.0460800000
0.0462400000
0.0458700000
0.0460800000
0.0461200000
0.0460500000
0.0460300000
0.0460700000
0.0459400000
0.0460200000
0.0460500000
0.0460400000
0.0460400000
0.0459700000
0.0459600000
0.0459800000
0.0460400000
0.0461500000
0.0458300000
0.0460000000
0.0461000000
0.1042408160
0.0000000000
0.0000000000
0.0000000000
0.0000000000
0.0000000000
0.0000000000
0.0000000000
0.0000000000
0.0000000000
0.0000000000
0.0000000000
0.0000000000
0.0000000000
0.0000000000
0.0000000000
0.0000000000
0.0000000000
0.0000000000
